Jen_hsuan_Hsiao

a =

     2


Num_Configurations =

        2000


Kp =

     2     0     0     0     0     0
     0     2     0     0     0     0
     0     0     2     0     0     0
     0     0     0     2     0     0
     0     0     0     0     2     0
     0     0     0     0     0     2


Ki =

    1.2000         0         0         0         0         0
         0    1.2000         0         0         0         0
         0         0    1.2000         0         0         0
         0         0         0    1.2000         0         0
         0         0         0         0    1.2000         0
         0         0         0         0         0    1.2000

compare the initial guess with the Xd,1
initial_guess value of X1

ans =

    1.0000         0         0    0.1992
         0    1.0000         0         0
         0         0    1.0000    0.7535
         0         0         0    1.0000

Xd,1 value

ans =

         0         0    1.0000         0
         0    1.0000         0         0
   -1.0000         0         0    0.5000
         0         0         0    1.0000

Show the Xerr of the first and final configuration
initial Xerr

ans =

         0    1.5708         0    0.0426         0   -0.3555

last Xerr

ans =

   1.0e-04 *

   -0.2117   -0.0001   -0.0000   -0.2983    0.1894   -0.1051

end of program
diary off
